001111 00000 10001 0001000000000000
001101 10001 10001 0000000000000000
001000 00000 10100 0000000000000101
001000 00000 10101 0000000000000000
000100 10101 10100 0000000000001000
000000 00000 10101 01001 00010 000000
000000 10001 10001 01001 00000 100000
100011 01001 10010 0000000000000000
100011 01001 10011 0000000000000100
000000 10011 10100 10011 00000 100010
101011 01001 10011 0000000001100100
001000 10101 10101 0000000000000001
000010 00000100000000000000000100
000000 11111 00000 00000 00000 001000
